family dial bin0 bin1 bin2 bin3 bin4 bin5  [fractional]
xsec 6_NormCCRES 0.0454 0.0436 0.0416 0.0697 0.0755 0.0862
xsec 4_RPA_CCQE 0.0055 0.0207 0.0557 0.0326 0.0586 0.0708
xsec 43_MFP_N 0.0205 0.0311 0.0315 0.0328 0.0467 0.0632
xsec 3_ZExpPCAWeighter_myreweighter_b4 0.0572 0.0532 0.0469 0.0289 0.0233 0.0144
xsec 2_ZExpPCAWeighter_myreweighter_b3 0.0489 0.0456 0.0405 0.0268 0.0229 0.0153
xsec 1_ZExpPCAWeighter_myreweighter_b2 0.0415 0.0384 0.0382 0.0283 0.0263 0.0204
det 8_var09 0.0209 0.0121 0.0011 0.0161 0.0217 0.0392
xsec 41_FrAbs_pi 0.0072 0.0026 0.0054 0.0239 0.0258 0.0367
xsec 10_MaCCRES 0.0029 0.0037 0.0033 0.0216 0.0249 0.0357
xsec 39_FrCEx_pi 0.0029 0.0049 0.0035 0.0248 0.0198 0.0244
xsec 11_MvCCRES 0.0039 0.0035 0.0001 0.0195 0.0188 0.0293
flux 12_hysyst_hpc_0 0.0237 0.0164 0.0077 0.0036 0.0056 0.0083
flux 16_hysyst_hpc_4 0.0127 0.0109 0.0072 0.0087 0.0112 0.0077
xsec 46_FrAbs_N 0.0047 0.0037 0.0009 0.0208 0.0099 0.0158
xsec 44_FrCEx_N 0.0009 0.0070 0.0151 0.0125 0.0159 0.0041
flux 17_hysyst_hpc_5 0.0036 0.0049 0.0048 0.0126 0.0122 0.0079
xsec 45_FrInel_N 0.0035 0.0077 0.0062 0.0138 0.0038 0.0065
flux 13_hysyst_hpc_1 0.0039 0.0048 0.0047 0.0095 0.0102 0.0051
flux 15_hysyst_hpc_3 0.0078 0.0035 0.0001 0.0102 0.0065 0.0034
flux 4_hysyst_beam_spot_1_7mm 0.0046 0.0045 0.0037 0.0061 0.0076 0.0048
flux 19_hysyst_hpc_7 0.0041 0.0008 0.0014 0.0115 0.0080 0.0049
xsec 40_FrInel_pi 0.0025 0.0022 0.0060 0.0027 0.0072 0.0098
flux 20_hysyst_hpc_8 0.0011 0.0015 0.0024 0.0102 0.0089 0.0060
det 7_var08 0.0073 0.0045 0.0030 0.0012 0.0054 0.0084
flux 14_hysyst_hpc_2 0.0033 0.0038 0.0032 0.0060 0.0079 0.0040
flux 10_hysyst_beam_Beam_shift_y_1mm 0.0035 0.0038 0.0033 0.0061 0.0075 0.0036
xsec 38_MFP_pi 0.0028 0.0001 0.0013 0.0079 0.0053 0.0096
det 0_var01 0.0003 0.0015 0.0009 0.0072 0.0063 0.0094
xsec 0_ZExpPCAWeighter_myreweighter_b1 0.0045 0.0040 0.0046 0.0039 0.0039 0.0035
det 4_var05 0.0003 0.0022 0.0013 0.0073 0.0053 0.0077
xsec 42_FrPiProd_pi 0.0003 0.0000 0.0022 0.0027 0.0060 0.0102
xsec 20_NonRESBGvnNC1pi 0.0005 0.0038 0.0022 0.0022 0.0044 0.0082
flux 18_hysyst_hpc_6 0.0051 0.0026 0.0002 0.0068 0.0032 0.0015
det 1_var02 0.0006 0.0014 0.0004 0.0060 0.0047 0.0062
det 5_var06 0.0008 0.0019 0.0013 0.0058 0.0040 0.0027
xsec 31_RDecBR1eta 0.0018 0.0019 0.0004 0.0006 0.0036 0.0074
xsec 47_FrPiProd_N 0.0005 0.0017 0.0005 0.0011 0.0035 0.0077
flux 3_hysyst_beam_spot_1_3mm 0.0017 0.0024 0.0020 0.0037 0.0036 0.0014
xsec 18_NonRESBGvnCC1pi 0.0017 0.0011 0.0024 0.0028 0.0018 0.0047
xsec 12_MaNCRES 0.0014 0.0002 0.0002 0.0012 0.0037 0.0068
xsec 15_NonRESBGvpCC2pi 0.0007 0.0017 0.0024 0.0029 0.0021 0.0028
det 6_var07 0.0012 0.0006 0.0039 0.0029 0.0027 0.0012
det 2_var03 0.0014 0.0011 0.0001 0.0022 0.0026 0.0043
flux 24_hysyst_hpc_12 0.0025 0.0011 0.0002 0.0039 0.0026 0.0008
flux 22_hysyst_hpc_10 0.0035 0.0022 0.0005 0.0018 0.0011 0.0018
xsec 5_CoulombCCQE 0.0014 0.0019 0.0018 0.0013 0.0016 0.0026
flux 21_hysyst_hpc_9 0.0008 0.0001 0.0006 0.0035 0.0025 0.0021
xsec 32_NormCCCOH 0.0015 0.0006 0.0025 0.0003 0.0025 0.0017
det 3_var04 0.0019 0.0005 0.0016 0.0017 0.0011 0.0014
xsec 17_NonRESBGvpNC2pi 0.0000 0.0006 0.0006 0.0007 0.0019 0.0020
flux 7_hysyst_beam_horns_0mm_water 0.0012 0.0007 0.0001 0.0019 0.0020 0.0001
xsec 14_NonRESBGvpCC1pi 0.0005 0.0003 0.0003 0.0006 0.0020 0.0021
xsec 27_NonRESBGvbarnCC2pi 0.0001 0.0009 0.0001 0.0031 0.0004 0.0010
xsec 19_NonRESBGvnCC2pi 0.0004 0.0008 0.0005 0.0004 0.0027 0.0007
xsec 13_MvNCRES 0.0002 0.0002 0.0005 0.0010 0.0014 0.0021
flux 2_hysyst_beam_horn1_y_3mm 0.0017 0.0009 0.0002 0.0011 0.0008 0.0005
flux 0_hysyst_beam_horn_2kA 0.0009 0.0005 0.0005 0.0012 0.0011 0.0004
xsec 23_NonRESBGvbarpCC2pi 0.0015 0.0011 0.0008 0.0009 0.0001 0.0002
xsec 22_NonRESBGvbarpCC1pi 0.0012 0.0010 0.0012 0.0003 0.0004 0.0004
flux 8_hysyst_beam_horns_2mm_water 0.0017 0.0011 0.0003 0.0004 0.0001 0.0004
xsec 8_MaNCEL 0.0004 0.0007 0.0003 0.0006 0.0004 0.0002
flux 26_hysyst_hpc_14 0.0005 0.0002 0.0000 0.0008 0.0002 0.0006
flux 9_hysyst_beam_Beam_shift_x_1mm 0.0006 0.0003 0.0004 0.0005 0.0004 0.0002
xsec 35_BhtBY 0.0002 0.0002 0.0006 0.0002 0.0006 0.0004
flux 6_hysyst_beam_horn2_y_3mm 0.0006 0.0003 0.0002 0.0007 0.0001 0.0002
flux 25_hysyst_hpc_13 0.0007 0.0003 0.0001 0.0004 0.0002 0.0003
flux 23_hysyst_hpc_11 0.0005 0.0003 0.0001 0.0003 0.0005 0.0004
xsec 29_NonRESBGvbarnNC2pi 0.0003 0.0002 0.0002 0.0008 0.0002 0.0003
xsec 16_NonRESBGvpNC1pi 0.0005 0.0002 0.0009 0.0001 0.0001 0.0002
flux 11_hysyst_beam_Target_z_7mm 0.0000 0.0000 0.0003 0.0007 0.0006 0.0001
flux 5_hysyst_beam_horn2_x_3mm 0.0005 0.0003 0.0002 0.0001 0.0003 0.0002
xsec 36_CV1uBY 0.0002 0.0003 0.0004 0.0000 0.0003 0.0003
xsec 21_NonRESBGvnNC2pi 0.0002 0.0001 0.0000 0.0001 0.0007 0.0003
xsec 24_NonRESBGvbarpNC1pi 0.0004 0.0004 0.0003 0.0000 0.0002 0.0001
xsec 30_RDecBR1gamma 0.0000 0.0002 0.0002 0.0003 0.0002 0.0004
flux 1_hysyst_beam_horn1_x_3mm 0.0001 0.0000 0.0001 0.0003 0.0004 0.0003
xsec 28_NonRESBGvbarnNC1pi 0.0000 0.0001 0.0002 0.0004 0.0003 0.0001
xsec 7_NormNCMEC 0.0002 0.0002 0.0000 0.0003 0.0003 0.0001
xsec 25_NonRESBGvbarpNC2pi 0.0003 0.0000 0.0001 0.0001 0.0002 0.0002
xsec 26_NonRESBGvbarnCC1pi 0.0001 0.0001 0.0002 0.0002 0.0000 0.0002
xsec 49_DecayAngMEC 0.0001 0.0001 0.0001 0.0001 0.0002 0.0004
xsec 37_CV2uBY 0.0001 0.0002 0.0003 0.0001 0.0000 0.0001
xsec 34_AhtBY 0.0000 0.0000 0.0003 0.0000 0.0002 0.0000
xsec 50_Theta_Delta2Npi 0.0001 0.0001 0.0000 0.0001 0.0001 0.0001
xsec 48_VecFFCCQEshape 0.0000 0.0000 0.0000 0.0001 0.0001 0.0001
xsec 9_EtaNCEL 0.0000 0.0000 0.0000 0.0001 0.0001 0.0001
xsec 51_ThetaDelta2NRad 0.0000 0.0000 0.0000 0.0000 0.0000 0.0000
xsec 33_NormNCCOH 0.0000 0.0000 0.0000 0.0000 0.0000 0.0000
